8.9600e+02 2.7000e+03 2.9400e+02 5.0000e+01 2.3470e-02 2.3306e-02 -1.0000e-03 -1.0000e-03 7.6200e-03 -1.0000e-03 -1.0000e-03
8.9421e-05 -1.0000e-04 1.0703e-06 -1.0000e-06 -1.0000e-03 -1.0000e-03 2.8899e-03 1.4449e-01 3.6123e+00 0.0000e+00 3.6123e+00
3.0801e+00 9.9300e-01 -4.2608e-02 -4.2608e-02 -1.3123e-01 -1.3123e-01 -1.1183e+00 -9.3430e-01 0.0 0.0 0.0
8.9600e+02 2.7000e+03 2.9400e+02 1.6900e+02 2.3470e-02 2.1592e-02 -1.0000e-03 -1.0000e-03 7.6200e-03 -1.0000e-03 -1.0000e-03
8.9421e-05 -1.0000e-04 1.0703e-06 -1.0000e-06 -1.0000e-03 -1.0000e-03 2.8899e-03 4.8839e-01 4.1269e+01 0.0000e+00 4.1269e+01
3.0801e+00 9.2000e-01 -4.2608e-02 -4.2608e-02 -1.3123e-01 -1.3123e-01 -1.1183e+00 -9.3430e-01 0.0 0.0 0.0
8.9600e+02 2.7000e+03 2.9400e+02 1.9100e+02 2.3470e-02 2.1264e-02 -1.0000e-03 -1.0000e-03 7.6200e-03 -1.0000e-03 -1.0000e-03
8.9421e-05 -1.0000e-04 1.0703e-06 -1.0000e-06 -1.0000e-03 -1.0000e-03 2.8899e-03 5.5196e-01 5.2712e+01 0.0000e+00 5.2712e+01
3.0801e+00 9.0600e-01 -4.2608e-02 -4.2608e-02 -1.3123e-01 -1.3123e-01 -1.1183e+00 -9.3430e-01 0.0 0.0 0.0
8.9600e+02 2.7000e+03 2.9400e+02 2.6200e+02 2.3470e-02 1.9809e-02 -1.0000e-03 -1.0000e-03 7.6200e-03 -1.0000e-03 -1.0000e-03
8.9421e-05 -1.0000e-04 1.0703e-06 -1.0000e-06 -1.0000e-03 -1.0000e-03 2.8899e-03 7.5714e-01 9.9186e+01 0.0000e+00 9.9186e+01
3.0801e+00 8.4400e-01 -4.2608e-02 -4.2608e-02 -1.3123e-01 -1.3123e-01 -1.1183e+00 -9.3430e-01 0.0 0.0 0.0
8.9600e+02 2.7000e+03 2.9400e+02 2.8300e+02 2.3470e-02 1.8917e-02 -1.0000e-03 -1.0000e-03 7.6200e-03 -1.0000e-03 -1.0000e-03
8.9421e-05 -1.0000e-04 1.0703e-06 -1.0000e-06 -1.0000e-03 -1.0000e-03 2.8899e-03 8.1783e-01 1.1572e+02 0.0000e+00 1.1572e+02
3.0801e+00 8.0600e-01 -4.2608e-02 -4.2608e-02 -1.3123e-01 -1.3123e-01 -1.1183e+00 -9.3430e-01 0.0 0.0 0.0
8.9600e+02 2.7000e+03 2.9400e+02 3.0600e+02 2.3470e-02 1.8400e-02 -1.0000e-03 -1.0000e-03 7.6200e-03 -1.0000e-03 -1.0000e-03
8.9421e-05 -1.0000e-04 1.0703e-06 -1.0000e-06 -1.0000e-03 -1.0000e-03 2.8899e-03 8.8430e-01 1.3530e+02 0.0000e+00 1.3530e+02
3.0801e+00 7.8400e-01 -4.2608e-02 -4.2608e-02 -1.3123e-01 -1.3123e-01 -1.1183e+00 -9.3430e-01 0.0 0.0 0.0
8.9600e+02 2.7000e+03 2.9400e+02 3.7300e+02 2.3470e-02 1.6499e-02 7.5000e-03 1.8470e-02 7.6200e-03 1.6600e-02 8.3000e-03
8.9421e-05 7.1340e-05 1.0703e-06 1.0249e-06 2.2900e-03 7.4400e-03 2.8899e-03 1.0779e+00 2.0103e+02 0.0000e+00 2.0103e+02
3.0801e+00 7.0300e-01 3.1956e-01 7.8696e-01 2.1785e+00 1.0892e+00 7.9780e-01 9.5757e-01 0.0 0.0 0.0
8.9600e+02 2.7000e+03 2.9400e+02 4.7800e+02 2.3470e-02 1.3190e-02 -1.0000e-03 -1.0000e-03 7.6200e-03 -1.0000e-03 -1.0000e-03
8.9421e-05 -1.0000e-04 1.0703e-06 -1.0000e-06 -1.0000e-03 -1.0000e-03 2.8899e-03 1.3814e+00 3.3014e+02 0.0000e+00 3.3014e+02
3.0801e+00 5.6200e-01 -4.2608e-02 -4.2608e-02 -1.3123e-01 -1.3123e-01 -1.1183e+00 -9.3430e-01 0.0 0.0 0.0
8.9600e+02 2.7000e+03 2.9400e+02 6.0300e+02 2.3470e-02 8.6839e-03 -1.0000e-03 -1.0000e-03 7.6200e-03 -1.0000e-03 -1.0000e-03
8.9421e-05 -1.0000e-04 1.0703e-06 -1.0000e-06 -1.0000e-03 -1.0000e-03 2.8899e-03 1.7426e+00 5.2539e+02 0.0000e+00 5.2539e+02
3.0801e+00 3.7000e-01 -4.2608e-02 -4.2608e-02 -1.3123e-01 -1.3123e-01 -1.1183e+00 -9.3430e-01 0.0 0.0 0.0
8.9600e+02 2.7000e+03 2.9400e+02 5.1000e+01 4.6940e-02 4.6705e-02 -1.0000e-03 -1.0000e-03 7.6200e-03 -1.0000e-03 -1.0000e-03
1.7884e-04 -1.0000e-04 2.1406e-06 -1.0000e-06 -1.0000e-03 -1.0000e-03 5.7797e-03 2.9477e-01 7.5165e+00 0.0000e+00 7.5165e+00
6.1601e+00 9.9500e-01 -2.1304e-02 -2.1304e-02 -1.3123e-01 -1.3123e-01 -5.5915e-01 -4.6715e-01 0.0 0.0 0.0
8.9600e+02 2.7000e+03 2.9400e+02 6.9000e+01 4.6940e-02 4.6377e-02 -1.0000e-03 -1.0000e-03 7.6200e-03 -1.0000e-03 -1.0000e-03
1.7884e-04 -1.0000e-04 2.1406e-06 -1.0000e-06 -1.0000e-03 -1.0000e-03 5.7797e-03 3.9880e-01 1.3759e+01 0.0000e+00 1.3759e+01
6.1601e+00 9.8800e-01 -2.1304e-02 -2.1304e-02 -1.3123e-01 -1.3123e-01 -5.5915e-01 -4.6715e-01 0.0 0.0 0.0
8.9600e+02 2.7000e+03 2.9400e+02 9.0000e+01 4.6940e-02 4.5907e-02 -1.0000e-03 -1.0000e-03 7.6200e-03 -1.0000e-03 -1.0000e-03
1.7884e-04 -1.0000e-04 2.1406e-06 -1.0000e-06 -1.0000e-03 -1.0000e-03 5.7797e-03 5.2017e-01 2.3408e+01 0.0000e+00 2.3408e+01
6.1601e+00 9.7800e-01 -2.1304e-02 -2.1304e-02 -1.3123e-01 -1.3123e-01 -5.5915e-01 -4.6715e-01 0.0 0.0 0.0
8.9600e+02 2.7000e+03 2.9400e+02 1.3200e+02 4.6940e-02 4.4687e-02 -1.0000e-03 -1.0000e-03 7.6200e-03 -1.0000e-03 -1.0000e-03
1.7884e-04 -1.0000e-04 2.1406e-06 -1.0000e-06 -1.0000e-03 -1.0000e-03 5.7797e-03 7.6292e-01 5.0353e+01 0.0000e+00 5.0353e+01
6.1601e+00 9.5200e-01 -2.1304e-02 -2.1304e-02 -1.3123e-01 -1.3123e-01 -5.5915e-01 -4.6715e-01 0.0 0.0 0.0
8.9600e+02 2.7000e+03 2.9400e+02 2.0700e+02 4.6940e-02 4.1683e-02 -1.0000e-03 -1.0000e-03 7.6200e-03 -1.0000e-03 -1.0000e-03
1.7884e-04 -1.0000e-04 2.1406e-06 -1.0000e-06 -1.0000e-03 -1.0000e-03 5.7797e-03 1.1964e+00 1.2383e+02 0.0000e+00 1.2383e+02
6.1601e+00 8.8800e-01 -2.1304e-02 -2.1304e-02 -1.3123e-01 -1.3123e-01 -5.5915e-01 -4.6715e-01 0.0 0.0 0.0
8.9600e+02 2.7000e+03 2.9400e+02 2.7500e+02 4.6940e-02 3.8632e-02 2.2800e-02 3.8670e-02 7.6200e-03 1.1900e-02 8.2000e-03
1.7884e-04 1.5064e-04 2.1406e-06 1.8834e-06 1.9900e-03 1.8350e-02 5.7797e-03 1.5894e+00 2.1855e+02 0.0000e+00 2.1855e+02
6.1601e+00 8.2300e-01 4.8573e-01 8.2382e-01 1.5617e+00 1.0761e+00 8.4231e-01 8.7981e-01 0.0 0.0 0.0
8.9600e+02 2.7000e+03 2.9400e+02 3.6700e+02 4.6940e-02 3.3891e-02 -1.0000e-03 -1.0000e-03 7.6200e-03 -1.0000e-03 -1.0000e-03
1.7884e-04 -1.0000e-04 2.1406e-06 -1.0000e-06 -1.0000e-03 -1.0000e-03 5.7797e-03 2.1212e+00 3.8923e+02 0.0000e+00 3.8923e+02
6.1601e+00 7.2200e-01 -2.1304e-02 -2.1304e-02 -1.3123e-01 -1.3123e-01 -5.5915e-01 -4.6715e-01 0.0 0.0 0.0
8.9600e+02 2.7000e+03 2.9400e+02 4.1200e+02 4.6940e-02 3.0980e-02 -1.0000e-03 -1.0000e-03 7.6200e-03 -1.0000e-03 -1.0000e-03
1.7884e-04 -1.0000e-04 2.1406e-06 -1.0000e-06 -1.0000e-03 -1.0000e-03 5.7797e-03 2.3812e+00 4.9054e+02 0.0000e+00 4.9054e+02
6.1601e+00 6.6000e-01 -2.1304e-02 -2.1304e-02 -1.3123e-01 -1.3123e-01 -5.5915e-01 -4.6715e-01 0.0 0.0 0.0
8.9600e+02 2.7000e+03 2.9400e+02 4.3400e+02 4.6940e-02 2.9384e-02 -1.0000e-03 -1.0000e-03 7.6200e-03 -1.0000e-03 -1.0000e-03
1.7884e-04 -1.0000e-04 2.1406e-06 -1.0000e-06 -1.0000e-03 -1.0000e-03 5.7797e-03 2.5084e+00 5.4432e+02 0.0000e+00 5.4432e+02
6.1601e+00 6.2600e-01 -2.1304e-02 -2.1304e-02 -1.3123e-01 -1.3123e-01 -5.5915e-01 -4.6715e-01 0.0 0.0 0.0
8.9600e+02 2.7000e+03 2.9400e+02 4.8400e+02 4.6940e-02 2.5911e-02 -1.0000e-03 -1.0000e-03 7.6200e-03 -1.0000e-03 -1.0000e-03
1.7884e-04 -1.0000e-04 2.1406e-06 -1.0000e-06 -1.0000e-03 -1.0000e-03 5.7797e-03 2.7974e+00 6.7697e+02 0.0000e+00 6.7697e+02
6.1601e+00 5.5200e-01 -2.1304e-02 -2.1304e-02 -1.3123e-01 -1.3123e-01 -5.5915e-01 -4.6715e-01 0.0 0.0 0.0
8.9600e+02 2.7000e+03 2.9400e+02 2.2200e+02 8.5600e-02 7.6698e-02 -1.0000e-03 -1.0000e-03 7.6200e-03 -1.0000e-03 -1.0000e-03
3.2614e-04 -1.0000e-04 3.9037e-06 -1.0000e-06 -1.0000e-03 -1.0000e-03 1.0540e-02 2.3399e+00 2.5972e+02 0.0000e+00 2.5972e+02
1.1234e+01 8.9600e-01 -1.1682e-02 -1.1682e-02 -1.3123e-01 -1.3123e-01 -3.0662e-01 -2.5617e-01 0.0 0.0 0.0
8.9600e+02 2.7000e+03 2.9400e+02 2.3600e+02 8.5600e-02 7.6013e-02 -1.0000e-03 -1.0000e-03 7.6200e-03 -1.0000e-03 -1.0000e-03
3.2614e-04 -1.0000e-04 3.9037e-06 -1.0000e-06 -1.0000e-03 -1.0000e-03 1.0540e-02 2.4874e+00 2.9352e+02 0.0000e+00 2.9352e+02
1.1234e+01 8.8800e-01 -1.1682e-02 -1.1682e-02 -1.3123e-01 -1.3123e-01 -3.0662e-01 -2.5617e-01 0.0 0.0 0.0
8.9600e+02 2.7000e+03 2.9400e+02 2.4400e+02 8.5600e-02 7.4986e-02 -1.0000e-03 -1.0000e-03 7.6200e-03 -1.0000e-03 -1.0000e-03
3.2614e-04 -1.0000e-04 3.9037e-06 -1.0000e-06 -1.0000e-03 -1.0000e-03 1.0540e-02 2.5717e+00 3.1375e+02 0.0000e+00 3.1375e+02
1.1234e+01 8.7600e-01 -1.1682e-02 -1.1682e-02 -1.3123e-01 -1.3123e-01 -3.0662e-01 -2.5617e-01 0.0 0.0 0.0
8.9600e+02 2.7000e+03 2.9400e+02 2.6200e+02 8.5600e-02 7.2931e-02 -1.0000e-03 -1.0000e-03 7.6200e-03 -1.0000e-03 -1.0000e-03
3.2614e-04 -1.0000e-04 3.9037e-06 -1.0000e-06 -1.0000e-03 -1.0000e-03 1.0540e-02 2.7615e+00 3.6175e+02 0.0000e+00 3.6175e+02
1.1234e+01 8.5200e-01 -1.1682e-02 -1.1682e-02 -1.3123e-01 -1.3123e-01 -3.0662e-01 -2.5617e-01 0.0 0.0 0.0
8.9600e+02 2.7000e+03 2.9400e+02 2.8500e+02 8.5600e-02 6.9678e-02 -1.0000e-03 -1.0000e-03 7.6200e-03 -1.0000e-03 -1.0000e-03
3.2614e-04 -1.0000e-04 3.9037e-06 -1.0000e-06 -1.0000e-03 -1.0000e-03 1.0540e-02 3.0039e+00 4.2805e+02 0.0000e+00 4.2805e+02
1.1234e+01 8.1400e-01 -1.1682e-02 -1.1682e-02 -1.3123e-01 -1.3123e-01 -3.0662e-01 -2.5617e-01 0.0 0.0 0.0
8.9600e+02 2.7000e+03 2.9400e+02 3.2400e+02 8.5600e-02 6.6169e-02 -1.0000e-03 -1.0000e-03 7.6200e-03 -1.0000e-03 -1.0000e-03
3.2614e-04 -1.0000e-04 3.9037e-06 -1.0000e-06 -1.0000e-03 -1.0000e-03 1.0540e-02 3.4149e+00 5.5322e+02 0.0000e+00 5.5322e+02
1.1234e+01 7.7300e-01 -1.1682e-02 -1.1682e-02 -1.3123e-01 -1.3123e-01 -3.0662e-01 -2.5617e-01 0.0 0.0 0.0
8.9600e+02 2.7000e+03 2.9400e+02 4.8200e+02 8.5600e-02 4.8022e-02 -1.0000e-03 -1.0000e-03 7.6200e-03 -1.0000e-03 -1.0000e-03
3.2614e-04 -1.0000e-04 3.9037e-06 -1.0000e-06 -1.0000e-03 -1.0000e-03 1.0540e-02 5.0802e+00 1.2243e+03 0.0000e+00 1.2243e+03
1.1234e+01 5.6100e-01 -1.1682e-02 -1.1682e-02 -1.3123e-01 -1.3123e-01 -3.0662e-01 -2.5617e-01 0.0 0.0 0.0
8.9600e+02 2.7000e+03 2.9400e+02 5.8000e+02 8.5600e-02 3.4582e-02 -1.0000e-03 -1.0000e-03 7.6200e-03 -1.0000e-03 -1.0000e-03
3.2614e-04 -1.0000e-04 3.9037e-06 -1.0000e-06 -1.0000e-03 -1.0000e-03 1.0540e-02 6.1132e+00 1.7728e+03 0.0000e+00 1.7728e+03
1.1234e+01 4.0400e-01 -1.1682e-02 -1.1682e-02 -1.3123e-01 -1.3123e-01 -3.0662e-01 -2.5617e-01 0.0 0.0 0.0
8.9600e+02 2.7000e+03 2.9400e+02 5.9100e+02 8.5600e-02 3.5267e-02 -1.0000e-03 -1.0000e-03 7.6200e-03 -1.0000e-03 -1.0000e-03
3.2614e-04 -1.0000e-04 3.9037e-06 -1.0000e-06 -1.0000e-03 -1.0000e-03 1.0540e-02 6.2291e+00 1.8407e+03 0.0000e+00 1.8407e+03
1.1234e+01 4.1200e-01 -1.1682e-02 -1.1682e-02 -1.3123e-01 -1.3123e-01 -3.0662e-01 -2.5617e-01 0.0 0.0 0.0
