2.00000000e-01 1 1 1.24774960e+07 1.52817511e+07
1.00000000e+00 1 1 6.23483132e+07 7.63607786e+07
2.00000000e+00 1 1 1.24598777e+08 1.52601710e+08
2.80000000e+00 1 1 1.74288657e+08 2.13459136e+08
3.60000000e+00 1 1 1.78755641e+08 2.18930053e+08
4.60000000e+00 1 1 1.81744216e+08 2.22590295e+08
5.40000000e+00 1 1 1.83860515e+08 2.25182223e+08
6.40000000e+00 1 1 1.86220985e+08 2.28073196e+08
7.20000000e+00 1 1 1.87913179e+08 2.30145702e+08
8.20000000e+00 1 1 1.89819998e+08 2.32481068e+08
9.20000000e+00 1 1 1.91529458e+08 2.34574721e+08
1.00000000e+01 1 1 1.92775540e+08 2.36100853e+08
1.10000000e+01 1 1 1.94202540e+08 2.37848564e+08
1.18000000e+01 1 1 1.95252823e+08 2.39134893e+08
1.28000000e+01 1 1 1.96466362e+08 2.40621169e+08
1.36000000e+01 1 1 1.97366991e+08 2.41724209e+08
1.46000000e+01 1 1 1.98415539e+08 2.43008412e+08
1.54000000e+01 1 1 1.99199213e+08 2.43968213e+08
1.64000000e+01 1 1 2.00117466e+08 2.45092839e+08
1.72000000e+01 1 1 2.00807850e+08 2.45938384e+08
1.82000000e+01 1 1 2.01621194e+08 2.46934522e+08
1.90000000e+01 1 1 2.02235789e+08 2.47687245e+08
2.00000000e+01 1 1 2.02963196e+08 2.48578132e+08
2.08000000e+01 1 1 2.03515221e+08 2.49254221e+08
2.18000000e+01 1 1 2.04171159e+08 2.50057578e+08
2.26000000e+01 1 1 2.04670789e+08 2.50669497e+08
2.36000000e+01 1 1 2.05266497e+08 2.51399088e+08
2.44000000e+01 1 1 2.05721703e+08 2.51956599e+08
2.54000000e+01 1 1 2.06266055e+08 2.52623292e+08
2.62000000e+01 1 1 2.06683179e+08 2.53134162e+08
2.72000000e+01 1 1 2.07183288e+08 2.53746668e+08
2.80000000e+01 1 1 2.07567448e+08 2.54217166e+08
2.90000000e+01 1 1 2.08029090e+08 2.54782560e+08
2.98000000e+01 1 1 2.08384470e+08 2.55217809e+08
3.08000000e+01 1 1 2.08812394e+08 2.55741907e+08
3.16000000e+01 1 1 2.09142450e+08 2.56146144e+08
3.26000000e+01 1 1 2.09540601e+08 2.56633778e+08
3.34000000e+01 1 1 2.09813334e+08 2.56967806e+08
3.43000000e+01 1 1 2.10147903e+08 2.57377566e+08
3.52000000e+01 1 1 2.10473441e+08 2.57776268e+08
3.61000000e+01 1 1 2.10788532e+08 2.58162174e+08
3.69000000e+01 1 1 2.11060280e+08 2.58494996e+08
3.78000000e+01 1 1 2.11357083e+08 2.58858503e+08
3.87000000e+01 1 1 2.11644900e+08 2.59211006e+08
3.96000000e+01 1 1 2.11924170e+08 2.59553041e+08
4.05000000e+01 1 1 2.12195301e+08 2.59885107e+08
4.14000000e+01 1 1 2.12458673e+08 2.60207670e+08
4.23000000e+01 1 1 2.12714640e+08 2.60521165e+08
4.32000000e+01 1 1 2.12963536e+08 2.60825998e+08
4.41000000e+01 1 1 2.13205669e+08 2.61122550e+08
4.50000000e+01 1 1 2.13441333e+08 2.61411178e+08
4.59000000e+01 1 1 2.13670799e+08 2.61692216e+08
4.68000000e+01 1 1 2.13894326e+08 2.61965979e+08
4.77000000e+01 1 1 2.14112155e+08 2.62232763e+08
4.86000000e+01 1 1 2.14324513e+08 2.62492848e+08
4.95000000e+01 1 1 2.14531616e+08 2.62746497e+08
5.04000000e+01 1 1 2.14733666e+08 2.62993957e+08
5.13000000e+01 1 1 2.14930856e+08 2.63235464e+08
5.22000000e+01 1 1 2.15123366e+08 2.63471239e+08
5.31000000e+01 1 1 2.15311368e+08 2.63701494e+08
5.40000000e+01 1 1 2.15495025e+08 2.63926427e+08
5.49000000e+01 1 1 2.15674491e+08 2.64146227e+08
5.58000000e+01 1 1 2.15849913e+08 2.64361074e+08
5.67000000e+01 1 1 2.16021430e+08 2.64571139e+08
5.76000000e+01 1 1 2.16189175e+08 2.64776584e+08
5.85000000e+01 1 1 2.16353273e+08 2.64977562e+08
5.94000000e+01 1 1 2.16513846e+08 2.65174222e+08
6.03000000e+01 1 1 2.16671006e+08 2.65366704e+08
6.12000000e+01 1 1 2.16824864e+08 2.65555140e+08
6.21000000e+01 1 1 2.16975523e+08 2.65739660e+08
6.30000000e+01 1 1 2.17123084e+08 2.65920384e+08
6.39000000e+01 1 1 2.17267641e+08 2.66097430e+08
6.48000000e+01 1 1 2.17409286e+08 2.66270908e+08
6.57000000e+01 1 1 2.17548105e+08 2.66440926e+08
6.66000000e+01 1 1 2.17684182e+08 2.66607586e+08
6.75000000e+01 1 1 2.17817597e+08 2.66770985e+08
6.84000000e+01 1 1 2.17948427e+08 2.66931218e+08
6.93000000e+01 1 1 2.18076744e+08 2.67088374e+08
7.02000000e+01 1 1 2.18202621e+08 2.67242541e+08
7.11000000e+01 1 1 2.18326123e+08 2.67393800e+08
7.21000000e+01 1 1 2.18460644e+08 2.67558554e+08
7.30000000e+01 1 1 2.18579347e+08 2.67703934e+08
7.39000000e+01 1 1 2.18695871e+08 2.67846646e+08
7.48000000e+01 1 1 2.18810273e+08 2.67986760e+08
7.57000000e+01 1 1 2.18922609e+08 2.68124343e+08
7.66000000e+01 1 1 2.19032934e+08 2.68259462e+08
7.75000000e+01 1 1 2.19141297e+08 2.68392180e+08
7.84000000e+01 1 1 2.19247749e+08 2.68522557e+08
7.93000000e+01 1 1 2.19352339e+08 2.68650652e+08
8.02000000e+01 1 1 2.19455111e+08 2.68776522e+08
8.11000000e+01 1 1 2.19556111e+08 2.68900221e+08
8.20000000e+01 1 1 2.19655382e+08 2.69021803e+08
8.29000000e+01 1 1 2.19752965e+08 2.69141317e+08
8.38000000e+01 1 1 2.19848901e+08 2.69258815e+08
8.47000000e+01 1 1 2.19943229e+08 2.69374342e+08
8.56000000e+01 1 1 2.20035986e+08 2.69487946e+08
8.65000000e+01 1 1 2.20127209e+08 2.69599671e+08
8.74000000e+01 1 1 2.20216933e+08 2.69709559e+08
8.83000000e+01 1 1 2.20305191e+08 2.69817653e+08
8.92000000e+01 1 1 2.20392018e+08 2.69923994e+08
9.01000000e+01 1 1 2.20477444e+08 2.70028620e+08
9.10000000e+01 1 1 2.20561502e+08 2.70131569e+08
9.19000000e+01 1 1 2.20644221e+08 2.70232878e+08
9.28000000e+01 1 1 2.20725630e+08 2.70332583e+08
9.37000000e+01 1 1 2.20805757e+08 2.70430719e+08
9.46000000e+01 1 1 2.20884630e+08 2.70527318e+08
9.55000000e+01 1 1 2.20962276e+08 2.70622414e+08
9.64000000e+01 1 1 2.21038720e+08 2.70716038e+08
9.73000000e+01 1 1 2.21113987e+08 2.70808222e+08
9.82000000e+01 1 1 2.21188102e+08 2.70898994e+08
9.91000000e+01 1 1 2.21261089e+08 2.70988384e+08
1.00000000e+02 1 1 2.21332969e+08 2.71076420e+08
