7.80516352e-07 1 1 7.41443522e+07 2.11018567e+08
1.56836685e-06 1 1 1.58426522e+08 3.78698507e+08
3.14307195e-06 1 1 3.72854011e+08 5.36218726e+08
4.71774972e-06 1 1 4.19087588e+08 4.93041216e+08
6.29189203e-06 1 1 4.21667646e+08 4.71938352e+08
7.86550939e-06 1 1 4.22655214e+08 5.10308610e+08
9.43916879e-06 1 1 4.22825821e+08 5.66599463e+08
1.10133231e-05 1 1 4.23822546e+08 5.59026381e+08
1.18005647e-05 1 1 4.24840539e+08 5.32781284e+08
1.33750233e-05 1 1 4.27206124e+08 4.94014768e+08
1.49491537e-05 1 1 4.28752644e+08 5.01559979e+08
1.65231375e-05 1 1 4.29302057e+08 5.41443823e+08
1.80973626e-05 1 1 4.29826915e+08 5.63647936e+08
1.96719598e-05 1 1 4.31245966e+08 5.37316655e+08
2.12466334e-05 1 1 4.33143123e+08 5.09846100e+08
2.20338939e-05 1 1 4.33916932e+08 5.08353704e+08
2.36082842e-05 1 1 4.34847981e+08 5.27862433e+08
2.51827261e-05 1 1 4.35337879e+08 5.55245789e+08
2.67574386e-05 1 1 4.36187484e+08 5.53738152e+08
2.83323602e-05 1 1 4.37656381e+08 5.29896715e+08
2.99072297e-05 1 1 4.39078728e+08 5.20952816e+08
3.14819820e-05 1 1 4.39946944e+08 5.34906758e+08
3.22693643e-05 1 1 4.40220773e+08 5.45935612e+08
3.38442622e-05 1 1 4.40807930e+08 5.58055528e+08
3.54193806e-05 1 1 4.41829758e+08 5.46455775e+08
3.69945796e-05 1 1 4.43119861e+08 5.32044827e+08
3.85697078e-05 1 1 4.44133165e+08 5.34218901e+08
4.01448169e-05 1 1 4.44757461e+08 5.49207083e+08
4.17200468e-05 1 1 4.45326521e+08 5.58647059e+08
4.32954567e-05 1 1 4.46215291e+08 5.50752224e+08
4.40832022e-05 1 1 4.46757109e+08 5.44319677e+08
4.56586824e-05 1 1 4.47788318e+08 5.38901803e+08
4.72341277e-05 1 1 4.48516848e+08 5.46390775e+08
4.88096242e-05 1 1 4.49036619e+08 5.57888307e+08
5.03852639e-05 1 1 4.49667228e+08 5.58987431e+08
5.19610339e-05 1 1 4.50555974e+08 5.49833352e+08
5.35368307e-05 1 1 4.51450753e+08 5.45395457e+08
5.43247217e-05 1 1 4.51812829e+08 5.47139477e+08
5.59005212e-05 1 1 4.52362356e+08 5.56066537e+08
5.74764147e-05 1 1 4.52856832e+08 5.62416379e+08
5.90524432e-05 1 1 4.53533926e+08 5.58508083e+08
6.06285537e-05 1 1 4.54341381e+08 5.51707025e+08
6.22046721e-05 1 1 4.55043179e+08 5.52079045e+08
6.37808120e-05 1 1 4.55548401e+08 5.59269492e+08
6.45689104e-05 1 1 4.55765999e+08 5.62854651e+08
6.61451983e-05 1 1 4.56269950e+08 5.64367793e+08
6.77215974e-05 1 1 4.56939770e+08 5.58803030e+08
6.92980433e-05 1 1 4.57633077e+08 5.55370487e+08
7.08745036e-05 1 1 4.58175406e+08 5.58816417e+08
7.24510161e-05 1 1 4.58585958e+08 5.65328577e+08
7.40276332e-05 1 1 4.59032795e+08 5.67010775e+08
7.48159841e-05 1 1 4.59310725e+08 5.65159191e+08
7.63927415e-05 1 1 4.59937265e+08 5.60231171e+08
7.79695288e-05 1 1 4.60502793e+08 5.59879579e+08
7.95463475e-05 1 1 4.60922550e+08 5.64891649e+08
8.11232430e-05 1 1 4.61284646e+08 5.69421573e+08
8.27002468e-05 1 1 4.61738201e+08 5.68066266e+08
8.42773349e-05 1 1 4.62294731e+08 5.63639340e+08
8.58544597e-05 1 1 4.62805777e+08 5.62999616e+08
8.66430329e-05 1 1 4.63011293e+08 5.64747499e+08
8.82202230e-05 1 1 4.63344168e+08 5.69912530e+08
8.97975069e-05 1 1 4.63689833e+08 5.71878596e+08
9.13748919e-05 1 1 4.64145433e+08 5.68623377e+08
9.29523396e-05 1 1 4.64643652e+08 5.65548916e+08
9.45298193e-05 1 1 4.65049207e+08 5.67197813e+08
9.61073500e-05 1 1 4.65346268e+08 5.71939526e+08
9.68961474e-05 1 1 4.65487681e+08 5.73631648e+08
9.84738206e-05 1 1 4.65835296e+08 5.73090816e+08
1.00051580e-04 1 1 4.66277135e+08 5.69314344e+08
1.01629386e-04 1 1 4.66698544e+08 5.68135889e+08
1.03207230e-04 1 1 4.67009623e+08 5.71457129e+08
1.04785143e-04 1 1 4.67255509e+08 5.75447802e+08
1.06363154e-04 1 1 4.67557512e+08 5.75248690e+08
1.07152195e-04 1 1 4.67747065e+08 5.73566565e+08
1.08730324e-04 1 1 4.68153228e+08 5.70462538e+08
1.10308492e-04 1 1 4.68490891e+08 5.71261006e+08
1.11886709e-04 1 1 4.68726004e+08 5.75348303e+08
1.13465011e-04 1 1 4.68949266e+08 5.77754436e+08
1.15043412e-04 1 1 4.69258740e+08 5.75671941e+08
1.16621885e-04 1 1 4.69626278e+08 5.72518561e+08
1.17411137e-04 1 1 4.69793810e+08 5.72149801e+08
1.18989673e-04 1 1 4.70049488e+08 5.74667679e+08
1.20568273e-04 1 1 4.70232834e+08 5.78523184e+08
1.22146968e-04 1 1 4.70455027e+08 5.78941814e+08
1.23725754e-04 1 1 4.70767315e+08 5.75763010e+08
1.25304598e-04 1 1 4.71089036e+08 5.73822873e+08
1.26883481e-04 1 1 4.71320757e+08 5.76002271e+08
1.27672945e-04 1 1 4.71402280e+08 5.78027342e+08
1.29251936e-04 1 1 4.71560107e+08 5.80731686e+08
1.30831025e-04 1 1 4.71793373e+08 5.79233352e+08
1.32410192e-04 1 1 4.72094264e+08 5.75991626e+08
1.33989405e-04 1 1 4.72354151e+08 5.75758318e+08
1.35568666e-04 1 1 4.72516081e+08 5.79121257e+08
1.37148005e-04 1 1 4.72645826e+08 5.81944851e+08
1.37937711e-04 1 1 4.72733566e+08 5.81851476e+08
1.39517192e-04 1 1 4.72977763e+08 5.79015996e+08
1.41096736e-04 1 1 4.73246666e+08 5.76681039e+08
1.42676322e-04 1 1 4.73437554e+08 5.78205757e+08
1.44255968e-04 1 1 4.73547524e+08 5.81866731e+08
1.45835705e-04 1 1 4.73674655e+08 5.83035313e+08
1.47415536e-04 1 1 4.73888276e+08 5.80391426e+08
