2.00000000e-01 1 1 1.42518297e+07 1.74548555e+07
1.00000000e+00 1 1 7.12171799e+07 8.72228760e+07
2.00000000e+00 1 1 1.42329510e+08 1.74317337e+08
2.80000000e+00 1 1 1.99143962e+08 2.43900547e+08
3.60000000e+00 1 1 2.55891382e+08 3.13401651e+08
4.60000000e+00 1 1 2.78613419e+08 3.41230356e+08
5.40000000e+00 1 1 2.81931873e+08 3.45294615e+08
6.40000000e+00 1 1 2.85771113e+08 3.49996704e+08
7.20000000e+00 1 1 2.88583590e+08 3.53441272e+08
8.20000000e+00 1 1 2.91810928e+08 3.57393937e+08
9.20000000e+00 1 1 2.94754096e+08 3.60998568e+08
1.00000000e+01 1 1 2.96927459e+08 3.63660383e+08
1.10000000e+01 1 1 2.99443526e+08 3.66741923e+08
1.18000000e+01 1 1 3.01312750e+08 3.69031245e+08
1.28000000e+01 1 1 3.03489637e+08 3.71697376e+08
1.36000000e+01 1 1 3.05116336e+08 3.73689668e+08
1.46000000e+01 1 1 3.07021363e+08 3.76022840e+08
1.54000000e+01 1 1 3.08452544e+08 3.77775671e+08
1.64000000e+01 1 1 3.10137058e+08 3.79838771e+08
1.72000000e+01 1 1 3.11408644e+08 3.81396140e+08
1.82000000e+01 1 1 3.12912026e+08 3.83237399e+08
1.90000000e+01 1 1 3.14051697e+08 3.84633205e+08
2.00000000e+01 1 1 3.15404452e+08 3.86289985e+08
2.08000000e+01 1 1 3.16433772e+08 3.87550639e+08
2.18000000e+01 1 1 3.17659808e+08 3.89052220e+08
2.26000000e+01 1 1 3.18595783e+08 3.90198551e+08
2.36000000e+01 1 1 3.19714069e+08 3.91568165e+08
2.44000000e+01 1 1 3.20570272e+08 3.92616796e+08
2.54000000e+01 1 1 3.21596038e+08 3.93873097e+08
2.62000000e+01 1 1 3.22383432e+08 3.94837455e+08
2.72000000e+01 1 1 3.23329047e+08 3.95995592e+08
2.80000000e+01 1 1 3.24056586e+08 3.96886641e+08
2.90000000e+01 1 1 3.24932205e+08 3.97959051e+08
2.98000000e+01 1 1 3.25607273e+08 3.98785838e+08
3.08000000e+01 1 1 3.26421315e+08 3.99782831e+08
3.16000000e+01 1 1 3.27050067e+08 4.00552892e+08
3.26000000e+01 1 1 3.27809578e+08 4.01483098e+08
3.34000000e+01 1 1 3.28397185e+08 4.02202767e+08
3.44000000e+01 1 1 3.29108109e+08 4.03073468e+08
3.52000000e+01 1 1 3.29658954e+08 4.03748112e+08
3.62000000e+01 1 1 3.30326350e+08 4.04565503e+08
3.70000000e+01 1 1 3.30844173e+08 4.05199704e+08
3.78000000e+01 1 1 3.31348381e+08 4.05817229e+08
3.88000000e+01 1 1 3.31960394e+08 4.06566790e+08
3.96000000e+01 1 1 3.32436083e+08 4.07149387e+08
4.06000000e+01 1 1 3.33014137e+08 4.07857356e+08
4.14000000e+01 1 1 3.33463923e+08 4.08408229e+08
4.24000000e+01 1 1 3.34011071e+08 4.09078345e+08
4.32000000e+01 1 1 3.34437235e+08 4.09600288e+08
4.42000000e+01 1 1 3.34956147e+08 4.10235822e+08
4.50000000e+01 1 1 3.35360693e+08 4.10731288e+08
4.60000000e+01 1 1 3.35853717e+08 4.11335117e+08
4.68000000e+01 1 1 3.36238410e+08 4.11806268e+08
4.78000000e+01 1 1 3.36707625e+08 4.12380936e+08
4.86000000e+01 1 1 3.37074029e+08 4.12829688e+08
4.96000000e+01 1 1 3.37521276e+08 4.13377451e+08
5.04000000e+01 1 1 3.37870783e+08 4.13805509e+08
5.14000000e+01 1 1 3.38297707e+08 4.14328383e+08
5.22000000e+01 1 1 3.38631560e+08 4.14737268e+08
5.32000000e+01 1 1 3.39039631e+08 4.15237051e+08
5.40000000e+01 1 1 3.39320931e+08 4.15581567e+08
5.49000000e+01 1 1 3.39672957e+08 4.16012709e+08
5.58000000e+01 1 1 3.40018334e+08 4.16435708e+08
5.67000000e+01 1 1 3.40356443e+08 4.16849805e+08
5.76000000e+01 1 1 3.40687528e+08 4.17255299e+08
5.85000000e+01 1 1 3.41011820e+08 4.17652475e+08
5.94000000e+01 1 1 3.41329543e+08 4.18041604e+08
6.03000000e+01 1 1 3.41640906e+08 4.18422944e+08
6.12000000e+01 1 1 3.41946112e+08 4.18796744e+08
6.21000000e+01 1 1 3.42245352e+08 4.19163237e+08
6.30000000e+01 1 1 3.42538812e+08 4.19522650e+08
6.39000000e+01 1 1 3.42826666e+08 4.19875197e+08
6.48000000e+01 1 1 3.43109082e+08 4.20221085e+08
6.57000000e+01 1 1 3.43386221e+08 4.20560510e+08
6.66000000e+01 1 1 3.43658238e+08 4.20893661e+08
6.75000000e+01 1 1 3.43925280e+08 4.21220720e+08
6.84000000e+01 1 1 3.44187488e+08 4.21541858e+08
6.93000000e+01 1 1 3.44444999e+08 4.21857243e+08
7.02000000e+01 1 1 3.44697943e+08 4.22167035e+08
7.11000000e+01 1 1 3.44946445e+08 4.22471386e+08
7.21000000e+01 1 1 3.45217494e+08 4.22803352e+08
7.30000000e+01 1 1 3.45457008e+08 4.23096695e+08
7.39000000e+01 1 1 3.45692438e+08 4.23385038e+08
7.48000000e+01 1 1 3.45923893e+08 4.23668510e+08
7.57000000e+01 1 1 3.46151474e+08 4.23947239e+08
7.66000000e+01 1 1 3.46375280e+08 4.24221345e+08
7.75000000e+01 1 1 3.46595407e+08 4.24490944e+08
7.84000000e+01 1 1 3.46811946e+08 4.24756149e+08
7.93000000e+01 1 1 3.47024986e+08 4.25017068e+08
8.02000000e+01 1 1 3.47234612e+08 4.25273807e+08
8.11000000e+01 1 1 3.47440907e+08 4.25526466e+08
8.20000000e+01 1 1 3.47643950e+08 4.25775142e+08
8.29000000e+01 1 1 3.47843819e+08 4.26019930e+08
8.38000000e+01 1 1 3.48040587e+08 4.26260921e+08
8.47000000e+01 1 1 3.48234327e+08 4.26498203e+08
8.56000000e+01 1 1 3.48425108e+08 4.26731861e+08
8.65000000e+01 1 1 3.48612997e+08 4.26961977e+08
8.74000000e+01 1 1 3.48798059e+08 4.27188631e+08
8.83000000e+01 1 1 3.48980358e+08 4.27411901e+08
8.92000000e+01 1 1 3.49159954e+08 4.27631860e+08
9.01000000e+01 1 1 3.49336906e+08 4.27848582e+08
9.10000000e+01 1 1 3.49511272e+08 4.28062135e+08
9.19000000e+01 1 1 3.49683108e+08 4.28272589e+08
9.28000000e+01 1 1 3.49852466e+08 4.28480010e+08
9.37000000e+01 1 1 3.50019399e+08 4.28684460e+08
9.46000000e+01 1 1 3.50183957e+08 4.28886003e+08
9.55000000e+01 1 1 3.50346191e+08 4.29084698e+08
9.64000000e+01 1 1 3.50506148e+08 4.29280604e+08
9.73000000e+01 1 1 3.50663873e+08 4.29473777e+08
9.82000000e+01 1 1 3.50819412e+08 4.29664273e+08
9.91000000e+01 1 1 3.50972809e+08 4.29852145e+08
1.00000000e+02 1 1 3.51124106e+08 4.30037445e+08
